[1, 1.003710037258424, 1.0266708554060542, 1.0325721531823904, 1.0280739245538344, 1.046773148201369, 1.0285619520910994, 1.0465727436578898, 1.1034878910129866, 1.1181161463356633, 1.140890834880838, 1.1432395636483366, 1.140069380157617, 1.1665102644070917, 1.154074460805938, 1.1697262121089878, 1.1999774857498648, 1.2304341201896185, 1.2632354291910912, 1.284428000897882, 1.2833147135982914, 1.314389455685219, 1.339171911652843, 1.318458448304902, 1.337172341449047, 1.329609619686407, 1.3359886187462018, 1.31855776157819, 1.331349810782332, 1.3514498115268632, 1.3612818290109887, 1.3866504879006174, 1.4133826344415275, 1.4402810285158774, 1.4164245814882728, 1.4594040300037214, 1.5201688247306553, 1.55660672374272, 1.5584289948499417, 1.5529757805620839, 1.6234657565153183, 1.6464219154216675, 1.6059107529924486, 1.6582424876800224, 1.7126037443726907, 1.7670087822308675, 1.7229100100363928, 1.7731129633676594, 1.8217813466589414, 1.9308289273740809, 1.93275107437821, 1.9711042771707235, 2.0050486309857916, 1.996281861929613, 1.7937434059962452, 1.8255590798135377, 1.8078196492927774, 1.8048374190922805, 1.7290980554552033, 1.7014849415285664, 1.6820649324473418, 1.743509066651647, 1.7794457357865603, 1.7542339054282676, 1.8037944220902864, 1.8055461439711065, 1.8107521747145685, 1.8418337945667993, 1.8760649562532727, 1.8855981981582552, 1.8878192100446785, 1.9223916263069243, 1.934013553868664, 1.9702237754592233, 1.9903739475210893, 1.9572612439068187, 1.922637089485661, 1.9544038093194895, 1.984867797842082, 2.010088970182161, 2.048799908527736, 2.1207284844158947, 2.1375387202187195, 2.192605098867347, 2.177061746720525, 2.257926808388272, 2.2547429065625026, 2.2380503442383284, 2.201597128733792, 2.2003740506055363, 2.248330408495059, 2.308906526076238, 2.2700188175570295, 2.320329277693529, 2.2971942948305673, 2.2502561115143807, 2.2715294038230915, 2.318554666513326, 2.279308511059986, 2.259262098254762, 2.2696905682150312, 2.305510260582283, 2.3322673704066417, 2.2794891382529414, 2.2738042195712365, 2.3057754005610396, 2.2516114154532247, 2.235896729985865, 2.2233285261740097, 2.2579129244221567, 2.2893883731403366, 2.2667461529434503, 2.2738594707353976, 2.2768147624781054, 2.2584780733229572, 2.258385074350624, 2.2678314179130696, 2.2683560314276727, 2.294326478034494, 2.301973031752694, 2.325045494596587, 2.352265001156517, 2.392196884390134, 2.4267103548227382, 2.4044865917410694, 2.4460046784171348, 2.4466451798133746, 2.4361271139614136, 2.4604906932928166, 2.490583725472287, 2.517378773936955, 2.5470101220477224, 2.5363738680128205, 2.598977165685482, 2.646274495622276, 2.668008419702198, 2.6377346521105984, 2.602733338784709, 2.6121412340822987, 2.6359162321510894, 2.6381285112761423, 2.6332924951776557, 2.6409321624114583, 2.6429470808362123, 2.6125131245617386, 2.5669166174387827, 2.5367284785771496, 2.543063766529013, 2.556924552765334, 2.5589834906217206, 2.5821228227101836, 2.567981855804484, 2.5882419851664746, 2.567875054578335, 2.5990112938201424, 2.6204511969943893, 2.6205124480944795, 2.63717740853518, 2.6223629814987017, 2.6104825874804236, 2.617099779083592, 2.6006399143431165, 2.620732829965098, 2.630666757312211, 2.6397449532973805, 2.655770460035927, 2.652208757048387, 2.6513139258848315, 2.6349404606793234, 2.634801753312388, 2.638467522639661, 2.6704774234214286, 2.7221465757708394, 2.7166908031106125, 2.7285772403348667, 2.745256588202641, 2.7558250500225965, 2.686208129745254, 2.654953069016509, 2.654953069016509]
NESTLE SA [ 0.          0.09725586  0.54557896 -0.0218031 ] 0.01823386364108215
NOVARTIS [ 0.          0.16348332  0.3195755  -0.16176777] 0.040493412447636046
LVMH MOET HENNESSY [ 0.          0.06041863  0.12912835 -0.18993798] 0.017962970682180668
ROCHE HOLDING AG [0.         0.24590176 0.394368   0.4219245 ] 0.003769792912275638
3I GROUP PLC [ 0.          0.64021254 -0.7308288   0.7656932 ] 0.042781646986907236
HSBC HOLDINGS PLC [0.         0.16657826 0.27911788 0.04559847] 0.042124134532520174
SAP SE [0.         0.10672197 0.39770663 0.01425569] 0.02597210432948127
ANHEUSER BUSCH IN [0.         0.21392354 0.14742827 0.21804518] 0.020699248968051642
L'OREAL SA [ 0.          0.06368008  0.15250242 -0.06551008] 0.005951155071269643
BP PLC [0.         0.01406217 0.23851568 0.03170681] 0.00459712844639415
TOTAL SA [0.         0.1825248  0.51071703 0.10383298] 0.02650257681425383
ASTRAZENECA PLC [0.         0.15487611 0.5175298  0.19116476] 0.016082798861015046
ASML HOLDING NV [ 0.          0.05493963  0.80130213 -0.3543278 ] 0.0418141060895888
SANOFI [ 0.          0.04062621  0.0370174  -0.17202069] 0.008011348587176115
ROYAL DUTCH SHELL [ 0.          0.10631296  0.46756208 -0.06348909] 0.02804948077958669
ALLIANZ SE [ 0.          0.36236352 -0.01881239  0.08257895] 0.05969402965081061
GLAXOSMITHKLINE [0.         0.29999623 0.28456488 0.18460047] 0.0004074193148885241
AIRBUS SE [ 0.         -0.14536734  0.02736662 -0.3454975 ] 0.006384161552745349
SIEMENS AG [0.         0.0149622  0.28512615 0.18003187] 0.029705148875427523
INDUSTRI [0.         0.15533367 0.28889567 0.01091145] 0.025433788243614974
DIAGEO PLC [ 0.          0.29381743  0.42767718 -0.22590823] 0.050025168928619745
UNILEVER N.V. [ 0.         -0.04601157  0.07592034 -0.47509742] 0.006471576462055539
NOVO NORDISK A/S [ 0.         -0.08046371 -0.6739734  -0.600604  ] 0.009018209052209514
DEUTSCHE TELEKOM AG [ 0.          0.02578633  0.09432273 -0.1534615 ] 0.004117905119631615
BRITISH AMERICAN TOB [0.         0.34274727 0.08020265 0.6391497 ] 0.006569518322627532
ENEL SPA [ 0.         -0.02857845  0.21244302 -0.18777889] 0.015367128374554008
BAYER AG [ 0.          0.14210594  0.21299574 -0.31494713] 0.02063717604685511
UNILEVER PLC [ 0.         -0.03664755  0.03709849 -0.45625582] 0.005471119535998437
BANCO SANTANDER SA [ 0.          0.08599022  0.218081   -0.08955416] 0.02046400547877436
HERMES INTERNATIONAL [ 0.          0.05943013 -0.0063945  -0.05427358] 0.0016646606007891807
ADIDAS AG [ 0.         -0.0828625   0.08700129 -0.3096856 ] 0.024914014546316476
VINCI [ 0.          0.07606447  0.1408651  -0.00511998] 0.011638580447769997
BASF SE [0.         0.14052615 0.44996095 0.07424317] 0.03794543752405344
RIO TINTO PLC [ 0.          0.24127662  0.33483645 -0.27656397] 0.00995232008534741
BNP PARIBAS SA [0.         0.15228455 0.15158936 0.12120367] 0.02684380634566741
KERING [ 0.         -0.11645864 -0.14683454 -0.36792687] 0.016725468581300973
VODAFONE GROUP PLC [ 0.         -0.07296157 -0.5845518  -0.0449954 ] 0.006619928924968655
AXA SA [0.         0.19665103 0.12348557 0.11993143] 0.04386426054172632
AIR LIQUIDE SA [0.         0.07995361 0.17643656 0.00399985] 0.02272604498169306
EQUINOR ASA [0.         0.07920104 0.60847586 0.1477508 ] 0.020051028721249753
DAIMLER AG [ 0.          0.02880608  0.17600948 -0.16162913] 0.010211096639131556
DANONE SA [ 0.          0.24352133  0.3937943  -0.6480901 ] 0.02809083452226091
HEINEKEN N.V. [0.         0.33772403 0.10404703 0.4626739 ] 0.07285436068903428
IBERDROLA SA [0.         0.09485045 0.16524118 0.07005668] 0.024001426626835576
SAFRAN [ 0.         -0.02423829 -0.85522604  0.5588933 ] 0.03661338501421896
ZURICH INSURANCE [ 0.          0.12131085  0.1135795  -0.06845065] 0.015156504428841755
ESSILORLUXOTTICA SA [0.         0.14479727 0.23720938 0.08795534] 0.030531002360164042
ENI GROUP [0.         0.06214926 0.36076957 0.06170897] 0.0103509514831438
LLOYDS BANKING GROUP [ 0.          0.22315404  0.20153958 -0.11070685] 0.009563099638743133
BAYER. MOTOREN WERKE [ 0.          0.14096892  0.14621629 -0.00779986] 0.012601863997790064
RECKITT BENCKISER [0.         0.2801451  0.4572253  0.08684139] 0.01718291431757646
VOLKSWAGEN AG [ 0.         -0.08837289  0.18572073 -0.10071936] 0.009850013676446001
PRUDENTIAL PLC [0.         0.33438054 0.02829601 0.09326436] 0.03912040249351778
SCHNEIDER ELECTRIC [ 0.          0.01486935  0.19723304 -0.15286618] 0.04087747283059184
BHP GROUP PLC [0.         0.57894266 0.8547331  0.1592485 ] 0.030940613611636136
UBS GROUP AG [ 0.          0.8678187  -0.01243669  1.0354916 ] 0.05332028034912817
ING GROEP N.V. [0.         0.3478793  0.4295006  0.09985138] 0.026865782204229527
PERNOD RICARD SA [0.         0.10418002 0.16056775 0.02745095] 0.042173047845892486
BARCLAYS PLC [0.         0.16087863 0.2380609  0.09267481] 0.008466628192333792
GLENCORE PLC [ 0.          0.02958642 -0.10696019  0.06015176] 0.001399847855179548
INTESA SANPAOLO SPA [0.         0.2226073  0.10517576 0.0082827 ] 0.011010317296468508
TELEFONICA S.A. [ 0.          0.27980846  0.6487331  -0.03852434] 0.023816981489539257
ABB LTD [ 0.          0.12491113  0.35928938 -0.49474674] 0.028622963320394268
COMPASS GROUP PLC [ 0.          0.0065973  -0.12453467 -0.22280504] 0.001296018891212447
DEUTSCHE POST AG [ 0.          0.4783722  -0.147508    0.42672548] 0.058502383209632525
NATIONAL GRID PLC [0.        1.0032609 1.1352636 0.957946 ] 0.027393980408591093
RELX PLC [ 0.          0.10331263 -0.2893017  -0.5967748 ] 0.009291687371798085
ENGIE SA [ 0.          0.02536289  0.3030413  -0.13215587] 0.014336717887755146
ORANGE SA [ 0.          0.14666319  0.35915965 -0.03494933] 0.0255124644563427
KONINKLIJKE PHILIPS [0.         0.30663428 0.09040949 0.20159239] 0.025679309475436063
TESCO PLC [ 0.         -0.04478654  0.28480732  0.55211747] 0.006339449745341175
ANGLO AMERICAN PLC [ 0.         -0.13209656  0.2192646  -0.45744514] 0.011977710175176237
DASSAULT SYSTEMES [0.         0.07418555 0.19173086 0.06649012] 0.022779048255593848
MUNCHENER RUCKVER [0.         0.22179915 0.09498571 0.05328201] 0.0317731417770335
OERSTED A/S [ 0.         -0.33169323 -0.5909379  -0.4876439 ] 0.018726064512950114
COMPAGNIE FINAN [ 0.          0.05958566  0.31478626 -0.10315539] 0.04298832436188038
BANCO BILBAO VIZCAYA [ 0.          0.13583642  0.34215474 -0.0836796 ] 0.01979479607504142
CREDIT AGRICOLE SA [ 0.          0.10614482  0.11467834 -0.16874963] 0.00776539807335741
ROYAL BANK [0.         0.5892044  0.13596398 0.23888028] 0.034027143151816874
ASSICUR GENERALI SPA [ 0.          0.18368381  0.16536961 -0.15530181] 0.020397730632465638
CREDIT SUISSE GROUP [0.         0.54285294 0.04062548 0.44889256] 0.05381793094473985
LONDON STOCK EXCH [0.         0.3813296  0.40066615 0.07789439] 0.008215151004760224
SWISS RE [0.         0.21709977 0.11464778 0.14798483] 0.024047456004470003
VIVENDI SA [ 0.          0.11683637  0.3758524  -0.13983873] 0.030190535400381413
ELECTRICIT DE FRANCE [0.         0.19917816 0.22155961 0.1250173 ] 0.016273221883383315
UNICREDIT SPA [0.         0.21074599 0.5688566  0.0187249 ] 0.019733682335268843
DEUTSCHE BANK AG [0.         0.32302746 0.03605714 0.15654811] 0.027675397361045517
HENNES & MAURITZ AB [0.         0.28090888 0.52870786 0.19847564] 0.0289256916620626
KBC GROUP NV [ 0.          0.26644278  0.11720662 -0.28816688] 0.012067085297930102
KONE CORPORATION [ 0.         -0.01959434  0.19970381 -0.05928452] 0.0045565413751016415
KONINKLIJKE AHOLD [ 0.          0.07181013  0.34954974 -0.9766414 ] 0.02331676364776314
NOKIA OYJ [ 0.          0.28875875  1.1332119  -1.2033045 ] 0.041489211514680435
STANDARD CHARTERED [0.         0.11991769 0.27351677 0.22725081] 0.019119614388955597
ALCON AG [0.         0.01166951 0.02790357 0.0234162 ] 0.034943853618430554
AMADEUS IT GROUP SA [ 0.         -0.12349232  0.09439788 -0.24718067] 0.0018446089073211878
DEUTSCHE BOERSE AG [ 0.         -0.15900391  0.29469413 -0.67404014] 0.050215852150985896
DNB ASA [ 0.          0.15434971  0.27338755 -0.06185909] 0.04336485479851426
E.ON SE [0.         0.37784982 0.49487263 1.2824967 ] 0.0019054364861114115
TELEFONAKTIEBOLAGET [0.         0.25675237 0.5699399  0.1541901 ] 0.02121111706965495
EXPERIAN PLC [ 0.          0.092547   -0.02901994 -0.4015608 ] 0.014917826789879185
LAFARGEHOLCIM [ 0.          0.09115714  0.09801285 -0.21087877] 0.007055015477917648
VOLVO AB [ 0.         -0.09426549  0.5246927  -0.42573926] 0.04584866392544751
AENA SME SA [ 0.         -0.08728743 -0.4365246  -0.31676215] 0.017525282555851063
BEIERSDORF AG [0.         0.18928584 0.38139176 0.15711716] 0.019643812872061628
BT GROUP PLC [  0.        12.110246  11.126996 -14.017099] 0.01644870350610439
FIAT CHRYSLER [ 0.         -0.1124669   0.20851754 -0.6528707 ] 0.042170053399597125
GIVAUDAN SA [ 0.          0.13733551 -0.07892292  0.18560426] 0.021680666287327566
STE. GENL. DE FRANCE [0.         0.13416871 0.26553693 0.23605892] 0.02623557794649556
TELENOR GROUP [ 0.          0.08299629  0.21584553 -0.30065873] 0.01507782982189432
VONOVIA SE [ 0.         -0.10219441 -0.17338213 -0.1603825 ] 0.0077687648723511185
ATLAS COPCO [ 0.        -0.949126  -0.8939712 -2.5715518] 0.024277965767849463
CONTINENTAL AG [ 0.          0.3213718   0.39886507 -0.02698255] 0.008470145161598497
ENDESA S.A. [ 0.         -0.08767632  0.4839481  -0.28744212] 0.03360997939859178
HEINEKEN HOLDING [0.         0.3388766  0.11274531 0.46531734] 0.07184337771984783
INFINEON TECHNOLOGIE [ 0.          0.54856837 -0.21249232  0.09041495] 0.009118567307673797
LONZA GROUP AG [ 0.         -0.02985446  0.25833297 -0.22731441] 0.04317568775581737
REPSOL SA [ 0.          0.10744604  0.30907032 -0.00727539] 0.017518258973857725
SIKA AG [ 0.          0.03650723  0.02712221 -0.37053016] 0.020009220421890683
SWISSCOM [0.         0.28992903 0.16823503 0.0916706 ] 0.01817456354057223
ASSA ABLOY AB [0.         0.19206142 0.26772505 0.03776533] 0.03344589277474597
BAE SYSTEMS [ 0.          0.07099473  0.6562712  -0.2730337 ] 0.03024557873414413
KONINKLIJKE DSM N.V. [ 0.         -0.08698507  0.00058465 -0.09730767] 0.005372823564238516
DSV A/S [ 0.         -0.10624346  0.44574884 -0.39138272] 0.056200773228948786
NATURGY ENERGY GROUP [0.         0.21471691 0.44480956 0.42807284] 0.03298850322642555
NESTE OYJ [0.         0.39722487 0.14943571 0.35472083] 0.020432924748553516
PEUGEOT SA [ 0.         -0.1878886   0.14788438 -0.9034785 ] 0.022368208162467207
COMPAGNIE DE [ 0.          0.04046653  0.23688103 -0.02177815] 0.0488300063160062
THALES SA [ 0.         -0.04699156  0.15156609 -0.63767767] 0.03217661208196565
AKZO NOBEL N.V. [ 0.          0.24520397  0.1525397  -2.9909217 ] 0.032342961718353935
AVIVA PLC [ 0.          0.33630106  0.12333684 -0.0233724 ] 0.0102196767315903
COLOPLAST A/S [ 0.          0.0557524  -0.2981864   0.22932157] 0.005235428084538585
FRESENIUS SE [ 0.          0.00869973  0.05364662 -0.0899282 ] 0.008665908989390902
HANNOVER RUECK SE [ 0.         0.3188238 -0.0942515  0.0731912] 0.04076560196706269
IMPERIAL BRANDS [0.        2.8393683 3.3136559 4.963065 ] 0.02211953169109182
COMPAGNIE [ 0.          0.09274596  0.14315431 -0.03959978] 0.009160382509594056
PARTNERS GRP HLDG [0.         0.7147616  0.86636037 0.4640559 ] 0.0274084180002524
RENAULT ­REGIE [ 0.          0.08834323  0.4371822  -0.08143909] 0.024737325397513277
SAMPO OYJ [ 0.          0.28944662  0.36665535 -0.60756135] 0.025820800901742103
SANDVIK AB [ 0.          0.0132004   0.48371905 -0.3642287 ] 0.0298778976877121
SSE PLC [ 0.          0.49393773 -0.17980245  0.24680136] 0.03660398773650453
WFD UNIBAIL ROD [0.         0.4922287  0.5663     0.53050035] 0.03551756692978314
ABN AMRO BANK [ 0.         -0.02881788 -0.17278665 -0.1376799 ] 0.011018318761862544
AEROPORTS DE PARIS [ 0.          0.00855623  0.00972135 -0.14357622] 0.012793267038268552
ADYEN NV [ 0.         -0.18058413 -0.53268385 -0.43232307] 0.024911169467966454
ARCELORMITTAL SA [ 0.         -0.01468961  0.23814249  0.32420176] 0.0021406489823493358
ASSOCIATED BRITISH [0.         0.06699658 0.03031144 0.11043533] 0.013445917521485717
ATLANTIA SPA [0.         0.10316649 0.26763642 0.41320655] 0.02952272199213879
FERROVIAL SA [0.         0.87152684 0.82509303 1.0107546 ] 0.05115157289961536
FORTUM OYJ [ 0.          0.17119846  0.529765   -0.11466542] 0.0412924242795878
FRESENIUS MEDICAL CA [ 0.          0.03896195  0.22466151 -0.17609476] 0.01981621771135933
INVESTOR AB [ 0.          0.8396943  -0.29068738  1.2621171 ] 0.12354519240537574
KERRY GROUP PLC [ 0.          0.11715333  0.23114498 -0.17808285] 0.022840180328346445
LEGAL & GEN'L GRP [ 0.          0.586361   -0.24519828  0.5477692 ] 0.07667921590421567
OMV AG [ 0.          0.04504192  0.29414383 -0.04376269] 0.00938720840658347
SKANDINAVISKA ENSK [ 0.          0.0463075   0.24853298 -0.23402552] 0.03442707149719271
SMITH & NEPHEW PLC [0.         0.22021443 0.22262573 0.44845048] 0.02829329156271376
VESTAS WIND SYSTEMS [ 0.         -0.3889466  -0.20385736 -1.44207   ] 0.029635090431245018
WIRECARD AG [ 0.         -0.01396364  0.06468933 -0.21851335] 0.012777098841283752
CAPGEMINI SE [ 0.         -0.02015735  0.09673754 -0.32207188] 0.0294668219717813
FERGUSON PLC [0.         0.20840934 0.03996761 0.06899931] 0.003486762436250901
LEGRAND S.A. [ 0.          0.08972502  0.14869648 -0.11535344] 0.018211907654447468
ROLLS [0.        1.6615026 0.9031979 2.9436023] 0.040688139516585016
RWE AG [0.        0.6611893 2.1766539 0.8042331] 0.02937424573312086
SV. HANDELSBANKEN AB [ 0.          0.09714966  0.20621291 -0.07896511] 0.02735120614172959
TELIA COMPANY AB [0.         0.11263037 0.30235755 0.15655613] 0.03342252801391887
UPM [ 0.         -0.02721936 -0.07236874 -0.29569042] 0.006493161412029158
WOLTERS KLUWER N.V. [ 0.          0.20050469  0.4099679  -1.1982265 ] 0.033291704054329685
BOUYGUES SA [ 0.          0.03467953  0.2917752  -0.23006752] 0.017387922435505243
CAIXABANK [ 0.          0.11950678  0.20438793 -0.0660606 ] 0.018035116754678393
CARLSBERG A/S [ 0.         -0.01567358 -0.08480114 -0.19270152] 0.009838872165442216
CELLNEX TEL [ 0.          0.06942104 -0.09335408  0.15507519] 0.013068915653927982
GEBERIT AG [ 0.          0.05766417  0.10387193 -0.31992322] 0.010906714081005409
KUEHNE UND NAG [ 0.          0.02081396  0.05454545 -0.21803191] 0.005373226253846619
MERCK KGAA [ 0.          0.23031604  0.24248454 -0.75896347] 0.020447050731121297
SGS SA [ 0.          0.00210907  0.08988377 -0.19086725] 0.005728471670737312
SODEXO [0.         0.0897477  0.14114165 0.12335676] 0.011836489023062113
SWISS LIFE HOLDING [ 0.          0.1071927   0.13842684 -0.15785581] 0.022577673551431143
WPP PLC [ 0.          0.043837    0.02254982 -0.06746757] 0.003203517348365103
CARREFOUR S.A. [0.         0.23861557 0.39938384 0.19156046] 0.024104730095795505
DEUTSCHE WOHNEN SE [ 0.          0.3446901  -0.42825726  0.04372305] 0.0354661046760093
EDP [0.         0.13385963 0.2527262  0.11083268] 0.029961746960227794
ERSTE GROUP BANK AG [0.         0.10979892 0.08587985 0.11715856] 0.004082606390429011
EXOR NV [0.         0.1558603  0.22709727 0.10463709] 0.004698849146302031
GROEP BRUSSEL LAM [0.         0.25723994 0.16009994 0.30857876] 0.05032645400776948
HEIDELBERGCEMENT AG [ 0.         -0.07459706  0.40583393 -0.70232147] 0.06061044886242262
HEXAGON AB [ 0.          0.01307271  0.11646441 -0.1664721 ] 0.015921576461491393
INTERCONTINENTAL [ 0.         -4.489134    2.7187936   0.43696547] 0.018474298963116143
MTU AERO ENGINES AG [ 0.         -0.12342972  0.0506881  -0.52951604] 0.038722909326189825
NEXT PLC [ 0.       -4.462681  9.495424 -9.071231] 0.06699402652035769
RYANAIR HOLDINGS PLC [ 0.          0.1635719  -0.11116187  0.26611182] 0.011139835019973066
SCHINDLER HOLDING AG [0.         0.0171808  0.02606212 0.05513103] 0.0003774613879017341
SNAM SPA [ 0.          0.10238087  0.25385702 -0.09424634] 0.026759199184087312
SWEDBANK AB [ 0.         -0.00041926  0.3480187  -0.28236285] 0.029166391320360585
ACCOR SA [ 0.          0.08748573  0.82448226 -0.8589325 ] 0.014803603500422537
CNH INDUSTRIAL NV [ 0.          0.00373542 -0.17468965 -0.01159266] 0.006187881226787817
COMMERZBANK AG [ 0.          0.04676756  0.42216623 -0.28231198] 0.04554414208976976
GRIFOLS SA [ 0.          0.10888462  0.09224036 -0.07249827] 0.005303357576654122
IAG SA [ 0.         -0.27646768 -0.4656916  -1.0771445 ] 0.02338049331321168
KONINKLIJKE KPN NV [ 0.          0.23129088  0.5843532  -0.11135429] 0.0076197335886946105
MEDIOBANCA SPA [ 0.          0.15456206  0.19715239 -0.07155886] 0.033155390449215005
WM. MORRISON SUPERMT [ 0.         -0.05076052  0.05690108 -0.10967837] 0.005261613481031158
MOWI ASA [ 0.          0.5356137  -0.58412284 -1.5385196 ] 0.007120713866441641
J SAINSBURY PLC [ 0.          0.04354246 -0.00570799  0.17211373] 0.009061454665833302
SEGRO PLC [ 0.          0.5641933  -0.02818087  0.29891935] 0.026656478331203548
SOLVAY SA [0.         0.27487576 0.33511597 0.25077188] 0.03074640729806477
SONOVA HOLDING AG [ 0.          0.2066108   0.31008983 -0.15162562] 0.0233005982315867
STANDARD LIFE ABER [ 0.          0.20751119  0.26661655 -0.00443822] 0.01795187339804083
VEOLIA ENVIRONNEMENT [0.         0.22337765 0.16491054 0.05794208] 0.022532925071291454
AP MOELLER MAERSK [ 0.          0.06915694  0.4557945  -0.06194531] 0.037100266811915694
AGEAS SA [ 0.         1.8658543 -1.0703126  1.6227462] 0.08308044259630643
ANTOFAGASTA PLC [0.         0.26009643 0.9771441  0.27231735] 0.039400889870061406
ASHTEAD GROUP PLC [ 0.          0.07138075 -0.0209457  -0.6945878 ] 0.011604542208788593
BRITISH LAND COMPANY [ 0.         1.1946706 -0.666879   2.0699437] 0.10563392488825829
BURBERRY GROUP [0.        0.3321637 0.3118851 0.1267403] 0.027643455547127105
DANSKE BANK A/S [0.         0.1553076  0.06656355 0.03045229] 0.012505881793885565
EIFFAGE SA [ 0.          0.18479472  0.26716512 -0.4582758 ] 0.023346511104390122
GALP ENERGIA [0.         0.33099508 0.40104902 0.00852736] 0.018808295632541494
GECINA [0.        0.3630017 0.4777674 0.0355351] 0.026148157839734898
INFORMA PLC [ 0.          0.01278663  0.08433598 -0.04646741] 0.003472570966710165
JULIUS BAER [ 0.         -0.04119822 -0.02698092 -0.26410374] 0.017167322545114994
KLEPIERRE SA [ 0.         -0.05271898 -0.19002263 -0.29640952] 0.010186394095325402
LAND SECURITIES [ 0.          1.0869908  -0.37435728  1.6666609 ] 0.0830472611276517
MELROSE [ 0.          0.55467176  1.1106498  -1.5086695 ] 0.03213912887214432
NN GROUP NV [ 0.          0.00075326 -0.05955798 -0.02028403] 0.004136646255506915
OCADO GROUP PLC [ 0.          0.00476449  0.04933517 -0.05219917] 0.0020615395642236134
PUBLICIS GROUPE SA [0.         0.16482496 0.51696837 0.15038937] 0.04439474040735003
RENTOKIL INITIAL PLC [ 0.          0.16818723 -0.02166417  0.46622828] 0.0015737334455103724
STRAUMANN HOLDING AG [ 0.          0.34878036 -0.26388758  0.00615239] 0.03043860838717694
SYMRISE AG [ 0.        -0.7506056 -0.7166103 -1.6130898] 0.021513226913059125
TEMENOS AG [ 0.         -0.04494822 -0.2615056  -0.8136643 ] 0.016033218456453002
TENARIS S.A. [0.         0.2573883  0.6593661  0.27359605] 0.02321334298889044
TERNA SPA [ 0.          0.19167407 -0.0584988   0.10362712] 0.028105389135570813
UCB SA [ 0.          0.24091558 -0.00422964  0.36146137] 0.026453996742141776
UMICORE SA [ 0.          0.1555905   0.44372082 -0.7511358 ] 0.038003932659839035
YARA INTERNATIO [0.         0.09814537 0.8093476  0.05813382] 0.05101986398234104
ACS ACTIVIDADES [ 0.         -0.05579764  0.48351225 -1.011518  ] 0.013180633100893013
AEGON N.V. [0.         0.33801943 0.18001562 0.21293196] 0.04284927724242271
ALFA LAVAL AB [ 0.         -0.12803538  0.33467236 -0.67112875] 0.038130120632985265
ALSTOM SA [ 0.         -0.6862723   0.12840766 -1.9026246 ] 0.022878624563496985
AROUNDTOWN SA [ 0.          0.04497844 -0.32475966 -1.236407  ] 0.007274215285887119
BARRATT DEVELOPMENTS [0.         0.3255677  0.19934449 0.13644798] 0.02023585927802385
CHR HANSEN HOLDING [ 0.         -0.27936065  0.02959028 -0.3280857 ] 0.008263657963300863
COVESTRO AG [ 0.         -0.17651528 -0.46671388 -0.3718962 ] 0.014285737413584076
GALAPAGOS [ 0.         -0.03814584 -0.95605326 -0.00905323] 0.04570835476872581
GENMAB A/S [ 0.         -0.27986288 -0.9244783  -1.958785  ] 0.013214453469793885
INTERTEK GROUP [0.         0.7181269  0.01035887 0.64739615] 0.005244219109687975
MARKS & SPENCER [0.         0.39648724 0.8542704  0.44486904] 0.03224343317513778
MONCLER SPA [ 0.         -0.14725137 -0.46615064 -0.52302134] 0.012946084809977053
MONDI PLC [ 0.          0.01791862 -0.25912195 -0.35855013] 0.012807669673830735
NOVOZYMES A/S [ 0.          0.05538433  0.11033487 -0.26454014] 0.013868606173866427
PERSIMMON PLC [ 0.          0.5078058  -0.34310243  0.10932741] 0.04044350708898459
PORSCHE AUTOMOBIL [0.         0.53847337 0.8740507  0.374537  ] 0.024302095097393228
RANDSTAD NV [0.         0.5581319  0.6309364  0.25125122] 0.02088677246870596
SCHRODERS PLC [ 0.          0.15529159  0.14461584 -0.09480612] 0.019987925826055575
SEVERN TRENT PLC [ 0.          0.19267382 -0.52462775  0.22887664] 0.03345176698566987
AB SKF [ 0.         -0.02849141  0.4511286  -0.38155687] 0.05613544650919245
SMITHS INDUSTRIES [ 0.          1.0994098   0.5204068  -0.36475307] 0.019241569618274057
TELEPERFORMANCE SE [ 0.          0.03016006  0.03562175 -0.06905227] 0.003217518036621514
UNITED UTILITIES PLC [ 0.          0.26740053 -0.20669277  0.18104285] 0.027182080671095288
VALEO SA [0.         0.196077   0.07457598 0.07643368] 0.004993631113954011
ADECCO GROUP [ 0.          0.02410927  0.2072177  -0.28266948] 0.012776621360335194
ARKEMA SA [ 0.         -0.18613672 -0.11092339 -0.58877176] 0.016664423183189836
ATOS SE [ 0.         -0.03021866 -0.19770873 -0.165199  ] 0.008337748405190304
BALOISE HOLDING AG [ 0.          0.16295598  0.10931182 -0.07673624] 0.024227840145844337
BANK OF IRELAND [ 0.          0.06773993  0.4321157  -0.09948184] 0.006781638771935938
BOLIDEN AB [0.         0.3131006  0.30865824 0.15229785] 0.020023856292888165
CHOCO LINDT & SPRUEN [0.         0.08541089 0.24545494 0.01843431] 0.030084802297799196
CLARIANT AG [ 0.         -0.0457736   0.04619817 -0.1574831 ] 0.005530959623933351
CRODA INTERNATIONAL [ 0.          0.15394786  0.571926   -0.46562034] 0.015193986030271889
DEUTSCHE LUFTHANSA [ 0.          0.10226803  0.16885072 -0.39420858] 0.00827990517606414
EASYJET PLC [0.         0.11360615 0.12425251 0.11634414] 0.008277917267972001
EDENRED S.A [0. 0. 0. 0.] 1.0
ELISA CORP [ 0.         -0.00971177 -0.12841612 -0.22191325] 0.0059185688400502645
EPIROC AB [ 0.         -0.22953469 -0.5899595  -0.45243376] 0.02899059034043272
GVC HOLDINGS [ 0.          0.02008     0.31905416 -0.58981246] 0.012157574879845034
HALMA PLC [ 0.          0.16387987  0.2356586  -0.06931341] 0.04842337236146743
HARGREAVES LANSD [ 0.         0.4036203  0.3182386 -0.6270312] 0.012657465726142791
LANXESS AG [ 0.         -0.1240565   0.27353224 -0.21749122] 0.018955712803415237
MICRO FOCUS INTL [ 0.          0.68553376 -4.2382407  -2.040211  ] 0.012956675687980534
NORSK HYDRO ASA [ 0.          0.2162315   0.18695822 -0.16607514] 0.015179147386036205
ORKLA ASA [0.         0.28784984 0.03826416 0.5233893 ] 0.020076479769012057
PROXIMUS NV [0.         0.45062667 0.70002204 0.5232905 ] 0.041017630134711824
RED ELECTRICA [ 0.          0.07576419  0.08644472 -0.10144223] 0.005223625497159933
THE SAGE GROUP PLC [0.         0.14856648 0.11120242 0.02969532] 0.008620078258330666
SCOR SE [0.         0.11091621 0.12881011 0.00680147] 0.025634482867163744
STORA ENSO OYJ [ 0.          0.04849686  0.12267364 -0.01079293] 0.0019893234923121783
SUEZ SA [ 0.          0.01048765  0.15478453 -0.15654224] 0.018175360258206874
TELE2 AB [0.         0.13798043 0.03805166 0.7320398 ] 0.00843291490778908
TELECOM ITALIA [0.         0.20256007 0.1255902  0.1048831 ] 0.010716672912618908
THE SWATCH GROUP [0.         0.12289459 0.2679549  0.06553084] 0.025319739819784748
THYSSENKRUPP AG [ 0.         -0.20567891  1.0334682  -0.11872402] 0.021927365009864364
UBISOFT ENTM. [ 0.         -0.14946717  0.2748411  -0.49592373] 0.058788448148928356
VIFOR PHARMA AG [0.         0.18652815 0.47618318 0.32053235] 0.02280145859765248
WARTSILA OYJ [0.         0.10140523 0.2560816  0.14042741] 0.01589106639079485
WHITBREAD PLC [ 0.          0.07134067  0.16160123 -1.5158192 ] 0.03216591115503398
BANCO SABADELL [ 0.          0.10301301  0.30475873 -0.00661787] 0.02218438277287782
BERKELEY GROUP [ 0.          0.1966471   0.08596699 -0.22393246] 0.013973928279428005
BRENNTAG AG [ 0.          0.28409433 -0.29777142  0.20490569] 0.028227422042469974
BUNZL PLC [ 0.          0.14619945  0.15775326 -0.12605368] 0.013659325288715163
CARNIVAL PLC [0.         0.01865019 0.09844273 0.03318104] 0.006911048317214785
CENTRICA PLC [ 0.          0.17295724 -1.0951402  -0.13442522] 0.015512119212138686
COBHAM PLC [0.        0.5433526 1.6651418 0.7371082] 0.02730179877313188
DCC PLC [ 0.          0.14651927  0.22828805 -0.01718051] 0.031590796853951164
ELECTROLUX AB [ 0.          0.14513905 -0.18099879 -0.09346181] 0.0148714683611596
JOHNSON MATTHEY PLC [ 0.          0.14395554  0.17019832 -0.20537138] 0.029777639411364687
KINGSPAN GROUP PLC [ 0.          0.24257565  0.1905691  -0.13870475] 0.014531500375612016
LEG IMMOBILIEN AG [ 0.         -0.09035873 -0.3813392  -0.1917299 ] 0.02480375985250005
LEONARDO SPA [ 0.          0.20863162 -0.08125435  0.02494461] 0.004992302432453299
METSO OYJ [ 0.         -0.00615987  0.28418136 -0.24422315] 0.020100332130238874
PEARSON PLC [0.         0.3054759  0.9184134  0.27357006] 0.037966211768724056
PROSIEBENSAT.1 MEDIA [ 0.          0.46154377 -0.10667586  0.14570074] 0.015367032044524276
SKANSKA AB [ 0.          0.04329585  0.20723185 -0.15572928] 0.012724238160177537
SPIRAX [ 0.          0.01133288  0.03516871 -0.23821227] 0.0074053624269661
ST. JAMES'S [ 0.          0.12093067  0.27586347 -0.03052692] 0.022791032293279168
SWEDISH MATCH AB [ 0.         8.3343525 19.419155   5.8571377] 0.023164636199826893
TAYLOR WIMPEY PLC [ 0.          0.6539085  -0.22069311  0.48295242] 0.02134931778806159
DIRECT LINE [ 0.         -0.08928698 -0.19442064 -0.15276113] 0.00696317499813548
G4S PLC [ 0.         -0.07472931 -0.04687556 -0.59793544] 0.008574840687715635
GEA GROUP AG [ 0.         -0.08666304 -0.12500522 -0.5006031 ] 0.013862677169129922
IMI PLC [0.         0.02344344 0.12179066 0.10198041] 0.0009145621336204002
ISS AS [ 0.         -0.04382376  0.19572252 -0.45219713] 0.004595329135073656
ITV PLC [ 0.         1.4880878 -1.6583884  0.8415127] 0.050442201028929046
KINGFISHER PLC [0.         0.07283755 0.00892924 0.11065679] 0.019827473473306267
KINNEVIK [ 0.         1.4910117 -0.1607002  1.1936722] 0.07593046190929253
LOGITECH INTERNAT [ 0.          0.00791518  0.15039076 -0.26070458] 0.003209395406948201
NOKIAN TYRES PLC [ 0.         -0.03086838  0.17826764 -0.21736063] 0.011110011862556446
PANDORA [ 0.          0.14214313 -2.0301595   0.05841038] 0.03767763191851636
PRYSMIAN SPA [ 0.          0.23145443  0.58222926 -1.2118994 ] 0.014129236122658595
RSA INSURANCE GROUP [ 0.         -0.0068974   0.2874658  -0.45375612] 0.02803074986387488
SECURITAS AB [ 0.         -0.03774274  0.01456955  0.04749919] 0.0008517187140280047
SMURFIT KAPPA GROUP [ 0.         -0.25598127 -0.18484497 -0.4543842 ] 0.005637481121199106
SVENSKA CELLULOSA [ 0.          0.21118152 -0.01014987  1.2362962 ] 0.0021502742627396154
SWISS PRIME SITE [ 0.          0.02945668  0.10108468 -0.1448609 ] 0.029301596294039386
TATE & LYLE PLC [ 0.         -0.10895925  0.04950814  0.11378608] 0.00318272672446418
TRAVIS PERKINS PLC [0.         0.2433081  0.35477373 0.31573278] 0.04651393399085668
UNITED INTERNET AG [ 0.         1.5054703 -0.655523   1.4527574] 0.06375256311228306
WEIR GROUP PLC [ 0.          0.00972068  0.3895644  -0.03884879] 0.009383420591116742
ENAGAS SA [0.         0.09004854 0.114565   0.02268259] 0.011984325078176483
INDUSTRIVARDEN AB [ 0.          1.7250049  -0.91950667  2.6544516 ] 0.1467642515399935
DS SMITH PLC [ 0.          0.06385062 -0.03979406 -0.05763686] 0.004246749080447865
FLUTTER ENTERTAIN [0.         0.30697048 1.4592838  0.11760846] 0.049616662434998515
NORDEA BANK ABP [ 0.          0.12039788  0.22057296 -0.00964451] 0.026652070713436893
TUI AG [ 0.          0.02359158 -0.7496972   0.42096913] 0.027423131382283583
CRH PLC [ 0.         -0.00788893  0.17107062 -0.28876   ] 0.019214234868304425
FERRARI NV [ 0.        -1.1467423 -4.111617  -1.8954579] 0.03292708803151112
QIAGEN N.V. [0.         0.10996267 0.12977497 0.15761518] 0.02530418274166346
SES S.A. [0.         0.05710347 0.09590712 0.11061922] 0.002494389299787625
STMICROELECTRONICS [ 0.          0.02712871  0.32481956 -0.119077  ] 0.018583555311003752
ESSITY AB [ 0.         -0.06393193 -0.1627091  -0.18631051] 0.007027604775578733
HENKEL AG AND [0.         0.0077513  0.21825635 0.0861278 ] 0.01669957440375991
NESTLE SA [ 0.          0.097256    0.27278948 -0.02180308  0.27278948] 0.01823387493554829
NOVARTIS [ 0.          0.16348326  0.15978768 -0.16176774  0.1597877 ] 0.04049342189836702
LVMH MOET HENNESSY [ 0.          0.06041864  0.06456418 -0.189938    0.06456418] 0.017962963824870948
ROCHE HOLDING AG [0.         0.24590188 0.197184   0.42192462 0.19718403] 0.0037697953429891573
3I GROUP PLC [ 0.          0.6402126  -0.36541462  0.7656933  -0.3654145 ] 0.04278164751524549
HSBC HOLDINGS PLC [0.         0.16657826 0.13955891 0.04559847 0.13955893] 0.04212413537233117
SAP SE [0.         0.10672203 0.1988533  0.01425561 0.19885331] 0.025972088270602156
ANHEUSER BUSCH IN [0.         0.21392366 0.07371412 0.21804523 0.07371415] 0.020699250107834577
L'OREAL SA [ 0.          0.06368016  0.07625122 -0.0655101   0.07625122] 0.005951151388178144
BP PLC [0.         0.01406224 0.11925787 0.03170685 0.11925787] 0.004597139106076842
TOTAL SA [0.         0.18252489 0.25535846 0.1038329  0.2553585 ] 0.02650256367560888
ASTRAZENECA PLC [0.         0.15487623 0.25876492 0.19116475 0.25876492] 0.016082792581785688
ASML HOLDING NV [ 0.          0.05493981  0.4006511  -0.35432777  0.4006511 ] 0.04181410434682964
SANOFI [ 0.          0.0406262   0.01850872 -0.17202067  0.01850871] 0.008011354994203024
ROYAL DUTCH SHELL [ 0.          0.10631302  0.23378101 -0.06348912  0.23378101] 0.028049487301098353
ALLIANZ SE [ 0.          0.36236337 -0.00940624  0.08257897 -0.00940621] 0.05969404015114199
GLAXOSMITHKLINE [0.         0.2999963  0.14228232 0.18460065 0.14228235] 0.00040742013610561845
AIRBUS SE [ 0.         -0.14536738  0.01368332 -0.34549746  0.0136833 ] 0.006384162736573495
SIEMENS AG [0.         0.01496227 0.14256307 0.18003185 0.14256309] 0.029705158151897112
INDUSTRI [0.         0.1553337  0.14444782 0.01091149 0.14444783] 0.025433793359861734
DIAGEO PLC [ 0.          0.2938174   0.21383856 -0.22590831  0.21383858] 0.0500251747907079
UNILEVER N.V. [ 0.         -0.0460116   0.03796022 -0.4750974   0.03796019] 0.006471574619943521
NOVO NORDISK A/S [ 0.         -0.08046389 -0.33698672 -0.6006039  -0.33698672] 0.009018210366644852
DEUTSCHE TELEKOM AG [ 0.          0.02578631  0.04716136 -0.15346156  0.04716136] 0.00411790783656063
BRITISH AMERICAN TOB [0.         0.34274736 0.04010122 0.63914984 0.04010125] 0.006569512641952602
ENEL SPA [ 0.         -0.02857842  0.10622149 -0.1877789   0.10622149] 0.015367121245472017
BAYER AG [ 0.          0.14210595  0.10649786 -0.31494716  0.10649785] 0.020637175291866483
UNILEVER PLC [ 0.         -0.03664754  0.01854927 -0.45625582  0.01854926] 0.005471111137285267
BANCO SANTANDER SA [ 0.          0.08599024  0.10904047 -0.08955418  0.10904048] 0.020464011902416868
HERMES INTERNATIONAL [ 0.          0.05943012 -0.00319725 -0.05427358 -0.00319725] 0.0016646676548756068
ADIDAS AG [ 0.         -0.08286256  0.04350068 -0.30968568  0.04350067] 0.024914010573078408
VINCI [ 0.          0.0760645   0.07043254 -0.00511997  0.07043255] 0.011638569520963427
BASF SE [0.         0.14052618 0.22498041 0.07424319 0.22498043] 0.037945432020246916
RIO TINTO PLC [ 0.          0.24127671  0.16741826 -0.2765641   0.16741827] 0.009952317282538758
BNP PARIBAS SA [0.         0.15228464 0.07579468 0.12120367 0.0757947 ] 0.02684379882604671
KERING [ 0.         -0.11645868 -0.07341728 -0.36792699 -0.07341728] 0.016725467241800906
VODAFONE GROUP PLC [ 0.         -0.07296157 -0.2922759  -0.04499543 -0.2922759 ] 0.0066199290889754625
AXA SA [0.         0.19665107 0.0617428  0.11993137 0.0617428 ] 0.04386426780157737
AIR LIQUIDE SA [0.         0.07995364 0.08821826 0.00399985 0.08821826] 0.022726054626623138
EQUINOR ASA [0.         0.07920125 0.30423793 0.14775074 0.30423793] 0.020051021484238207
DAIMLER AG [ 0.          0.02880608  0.08800475 -0.16162914  0.08800475] 0.010211094617322614
DANONE SA [ 0.          0.24352127  0.19689707 -0.6480905   0.19689709] 0.0280908352217798
HEINEKEN N.V. [0.         0.33772406 0.0520235  0.4626739  0.05202356] 0.07285436278175395
IBERDROLA SA [0.         0.09485051 0.08262059 0.07005668 0.08262059] 0.024001436829732548
SAFRAN [ 0.         -0.02423841 -0.4276131   0.55889326 -0.42761308] 0.0366133889559308
ZURICH INSURANCE [ 0.          0.12131085  0.05678974 -0.06845065  0.05678974] 0.015156500183369226
ESSILORLUXOTTICA SA [0.         0.1447973  0.11860466 0.08795535 0.11860467] 0.030530998295494216
ENI GROUP [0.         0.06214932 0.18038476 0.06170894 0.18038476] 0.010350945912406484
LLOYDS BANKING GROUP [ 0.          0.22315408  0.10076977 -0.11070693  0.1007698 ] 0.009563101321285794
BAYER. MOTOREN WERKE [ 0.          0.14096901  0.07310815 -0.00779983  0.07310817] 0.012601853827513778
RECKITT BENCKISER [0.         0.28014508 0.22861259 0.08684143 0.2286126 ] 0.01718291258901461
VOLKSWAGEN AG [ 0.         -0.08837284  0.09286038 -0.10071932  0.09286037] 0.00985002385946221
PRUDENTIAL PLC [0.         0.33438045 0.01414791 0.09326437 0.01414795] 0.03912041970726887
SCHNEIDER ELECTRIC [ 0.          0.0148694   0.09861653 -0.15286617  0.09861653] 0.040877491987669656
BHP GROUP PLC [0.         0.57894284 0.4273665  0.15924862 0.42736652] 0.030940620054537793
UBS GROUP AG [ 0.          0.8678187  -0.00621837  1.0354917  -0.00621831] 0.05332028026784408
ING GROEP N.V. [0.         0.3478793  0.21475026 0.0998514  0.21475029] 0.02686578368139303
PERNOD RICARD SA [0.         0.1041801  0.08028388 0.02745098 0.08028389] 0.042173039138634794
BARCLAYS PLC [0.         0.16087867 0.11903043 0.0926748  0.11903045] 0.00846663014069593
GLENCORE PLC [ 0.          0.02958641 -0.05348012  0.06015178 -0.05348011] 0.0013998474752656698
INTESA SANPAOLO SPA [0.         0.22260733 0.05258787 0.00828267 0.05258787] 0.011010317362144972
TELEFONICA S.A. [ 0.          0.27980852  0.32436648 -0.03852426  0.3243665 ] 0.023816975896374548
ABB LTD [ 0.          0.12491123  0.17964473 -0.49474674  0.17964473] 0.02862296786844043
COMPASS GROUP PLC [ 0.          0.00659726 -0.06226733 -0.22280507 -0.06226734] 0.0012960167891313823
DEUTSCHE POST AG [ 0.          0.47837216 -0.07375407  0.4267254  -0.07375398] 0.05850237169824602
NATIONAL GRID PLC [0.         1.0032611  0.56763166 0.9579458  0.56763184] 0.02739397964031387
RELX PLC [ 0.          0.10331253 -0.14465082 -0.59677476 -0.14465083] 0.00929168296212457
ENGIE SA [ 0.          0.02536294  0.15152064 -0.13215587  0.15152064] 0.014336715688509138
ORANGE SA [ 0.          0.14666325  0.17957982 -0.03494935  0.17957982] 0.025512455488259755
KONINKLIJKE PHILIPS [0.         0.30663428 0.04520471 0.2015923  0.04520473] 0.025679310634665664
TESCO PLC [ 0.         -0.04478647  0.14240365  0.55211735  0.14240366] 0.006339450739011987
ANGLO AMERICAN PLC [ 0.         -0.13209644  0.10963231 -0.45744523  0.10963225] 0.011977716162836938
DASSAULT SYSTEMES [0.         0.07418552 0.09586538 0.06649011 0.09586539] 0.022779032342315042
MUNCHENER RUCKVER [0.         0.2217993  0.04749285 0.05328203 0.04749288] 0.03177314260846642
OERSTED A/S [ 0.         -0.33169323 -0.29546893 -0.4876438  -0.29546896] 0.01872606293391521
COMPAGNIE FINAN [ 0.          0.05958571  0.1573931  -0.10315532  0.1573931 ] 0.04298832685537546
BANCO BILBAO VIZCAYA [ 0.          0.13583654  0.1710774  -0.08367957  0.1710774 ] 0.019794787885648812
CREDIT AGRICOLE SA [ 0.          0.1061448   0.05733916 -0.16874962  0.05733917] 0.0077653932858327
ROYAL BANK [0.         0.5892043  0.06798196 0.23888037 0.06798199] 0.03402714201045676
ASSICUR GENERALI SPA [ 0.          0.18368381  0.08268481 -0.15530178  0.08268481] 0.020397726368214797
CREDIT SUISSE GROUP [0.         0.5428529  0.02031264 0.44889253 0.02031273] 0.053817932306747474
LONDON STOCK EXCH [0.         0.38132975 0.20033301 0.07789446 0.20033304] 0.008215157305240695
SWISS RE [0.         0.21709982 0.0573239  0.14798485 0.05732392] 0.02404745772988892
VIVENDI SA [ 0.          0.11683634  0.18792617 -0.13983873  0.18792617] 0.030190539439187036
ELECTRICIT DE FRANCE [0.         0.19917817 0.11077979 0.12501737 0.11077981] 0.016273216072672625
UNICREDIT SPA [0.         0.21074611 0.28442827 0.0187248  0.28442827] 0.019733680420772393
DEUTSCHE BANK AG [0.         0.3230275  0.01802848 0.15654813 0.01802851] 0.027675398527147288
HENNES & MAURITZ AB [0.         0.28090894 0.2643539  0.19847563 0.26435393] 0.028925667589259515
KBC GROUP NV [ 0.          0.2664428   0.05860329 -0.28816697  0.0586033 ] 0.012067089594613003
KONE CORPORATION [ 0.         -0.01959432  0.09985192 -0.05928453  0.09985192] 0.00455654156906149
KONINKLIJKE AHOLD [ 0.          0.07181016  0.17477494 -0.9766416   0.17477491] 0.023316773137374125
NOKIA OYJ [ 0.          0.2887591   0.56660604 -1.2033045   0.56660604] 0.04148921369306935
STANDARD CHARTERED [0.         0.11991782 0.13675842 0.22725081 0.13675842] 0.019119612662048424
ALCON AG [0.         0.01166951 0.01395178 0.0234162  0.01395178] 0.03494385465619532
AMADEUS IT GROUP SA [ 0.         -0.12349229  0.04719898 -0.2471806   0.04719896] 0.0018446155991082016
DEUTSCHE BOERSE AG [ 0.         -0.15900391  0.1473471  -0.67403996  0.14734706] 0.050215841415844675
DNB ASA [ 0.          0.15434971  0.13669373 -0.06185907  0.13669375] 0.043364835350791386
E.ON SE [0.         0.37784988 0.24743617 1.282497   0.24743624] 0.0019054367054940347
TELEFONAKTIEBOLAGET [0.         0.2567525  0.28496996 0.15419015 0.28496996] 0.021211115307953055
EXPERIAN PLC [ 0.          0.09254701 -0.01450995 -0.40156072 -0.01450996] 0.014917831373555289
LAFARGEHOLCIM [ 0.          0.09115714  0.04900642 -0.21087882  0.04900642] 0.007055019183312971
VOLVO AB [ 0.         -0.09426537  0.2623464  -0.42573935  0.26234636] 0.04584866732950743
AENA SME SA [ 0.         -0.08728746 -0.21826227 -0.3167623  -0.21826228] 0.017525285243564115
BEIERSDORF AG [0.         0.1892859  0.19069588 0.15711711 0.19069588] 0.019643815390227748
BT GROUP PLC [  0.         12.110248    5.5634995 -14.017094    5.5635   ] 0.016448700720631093
FIAT CHRYSLER [ 0.         -0.11246686  0.1042588  -0.6528707   0.10425877] 0.0421700560777728
GIVAUDAN SA [ 0.          0.13733552 -0.0394615   0.18560423 -0.03946147] 0.021680673303130615
STE. GENL. DE FRANCE [0.         0.13416883 0.13276848 0.23605897 0.1327685 ] 0.026235575090619464
TELENOR GROUP [ 0.          0.08299634  0.10792277 -0.3006588   0.10792278] 0.015077831230869585
VONOVIA SE [ 0.         -0.10219446 -0.08669107 -0.16038251 -0.08669107] 0.007768767976235047
ATLAS COPCO [ 0.         -0.9491266  -0.44698548 -2.571552   -0.4469857 ] 0.024277965370014472
CONTINENTAL AG [ 0.          0.32137188  0.19943252 -0.0269825   0.19943252] 0.008470148575948744
ENDESA S.A. [ 0.         -0.08767629  0.24197407 -0.28744212  0.24197407] 0.03360997829753609
HEINEKEN HOLDING [0.         0.3388766  0.05637263 0.46531725 0.05637269] 0.07184338851037086
INFINEON TECHNOLOGIE [ 0.          0.5485683  -0.10624611  0.09041494 -0.10624605] 0.009118566396860373
LONZA GROUP AG [ 0.         -0.02985439  0.1291665  -0.2273144   0.12916648] 0.04317568880084255
REPSOL SA [ 0.          0.10744612  0.15453519 -0.00727537  0.1545352 ] 0.01751826128204148
SIKA AG [ 0.          0.03650722  0.01356111 -0.3705302   0.01356111] 0.020009223072754878
SWISSCOM [0.         0.2899291  0.08411747 0.09167065 0.08411752] 0.01817455306966309
ASSA ABLOY AB [0.         0.19206145 0.13386251 0.03776535 0.13386253] 0.03344589063489811
BAE SYSTEMS [ 0.          0.07099491  0.32813567 -0.27303356  0.32813567] 0.0302455714808314
KONINKLIJKE DSM N.V. [ 0.         -0.08698511  0.00029234 -0.09730765  0.00029232] 0.005372825332422337
DSV A/S [ 0.         -0.10624345  0.22287443 -0.39138266  0.22287442] 0.0562007554361581
NATURGY ENERGY GROUP [0.         0.21471691 0.22240472 0.4280729  0.22240475] 0.032988502457788615
NESTE OYJ [0.         0.397225   0.0747177  0.35472098 0.07471777] 0.020432919988193632
PEUGEOT SA [ 0.         -0.18788874  0.07394226 -0.90347856  0.07394223] 0.02236820550524743
COMPAGNIE DE [ 0.          0.04046659  0.11844054 -0.02177817  0.11844054] 0.04883000638598456
THALES SA [ 0.         -0.04699156  0.07578307 -0.6376778   0.07578309] 0.03217660914044462
AKZO NOBEL N.V. [ 0.          0.24520367  0.07627004 -2.9909222   0.07626986] 0.032342965205557905
AVIVA PLC [ 0.          0.3363011   0.06166838 -0.02337246  0.06166841] 0.010219679542796345
COLOPLAST A/S [ 0.          0.05575237 -0.14909323  0.22932167 -0.14909323] 0.005235428438510881
FRESENIUS SE [ 0.          0.00869975  0.0268233  -0.08992821  0.0268233 ] 0.008665906665552892
HANNOVER RUECK SE [ 0.          0.31882372 -0.0471258   0.07319126 -0.04712576] 0.04076559496296761
IMPERIAL BRANDS [0.        2.8393693 1.6568274 4.9630656 1.6568279] 0.022119540115704273
COMPAGNIE [ 0.          0.09274599  0.07157716 -0.03959974  0.07157716] 0.009160377843614231
PARTNERS GRP HLDG [0.         0.7147617  0.43317991 0.4640557  0.43318   ] 0.02740840252455179
RENAULT ­REGIE [ 0.          0.08834341  0.21859117 -0.08143912  0.21859117] 0.024737328651680435
SAMPO OYJ [ 0.          0.28944656  0.1833277  -0.60756147  0.18332769] 0.025820805227035448
SANDVIK AB [ 0.          0.01320061  0.2418595  -0.36422879  0.2418595 ] 0.0298778990796783
SSE PLC [ 0.          0.49393773 -0.0899013   0.24680123 -0.08990127] 0.03660398483518845
WFD UNIBAIL ROD [0.         0.49222887 0.28314996 0.5305004  0.28315002] 0.03551756588190025
ABN AMRO BANK [ 0.         -0.02881795 -0.08639334 -0.13767986 -0.08639335] 0.011018314736884305
AEROPORTS DE PARIS [ 0.          0.00855622  0.00486067 -0.14357623  0.00486067] 0.01279326774507561
ADYEN NV [ 0.         -0.18058425 -0.26634192 -0.4323231  -0.26634192] 0.024911176821718065
ARCELORMITTAL SA [ 0.         -0.01468953  0.1190712   0.3242018   0.11907122] 0.0021406469906675163
ASSOCIATED BRITISH [0.         0.0669966  0.0151557  0.11043532 0.01515571] 0.013445923917625335
ATLANTIA SPA [0.         0.10316658 0.1338182  0.41320658 0.13381821] 0.029522709396044733
FERROVIAL SA [0.         0.8715273  0.41254652 1.0107546  0.4125466 ] 0.051151575574573505
FORTUM OYJ [ 0.          0.17119858  0.26488256 -0.1146654   0.26488256] 0.041292434766412756
FRESENIUS MEDICAL CA [ 0.          0.03896201  0.11233078 -0.17609473  0.11233076] 0.019816217492814814
INVESTOR AB [ 0.          0.83969474 -0.14534384  1.2621171  -0.14534372] 0.12354519854821777
KERRY GROUP PLC [ 0.          0.11715333  0.11557247 -0.17808288  0.11557248] 0.022840179376740766
LEGAL & GEN'L GRP [ 0.          0.58636093 -0.12259918  0.5477693  -0.12259918] 0.0766792199535521
OMV AG [ 0.          0.04504187  0.14707193 -0.04376266  0.14707193] 0.009387208527535829
SKANDINAVISKA ENSK [ 0.          0.0463075   0.12426648 -0.23402555  0.12426648] 0.03442708342988354
SMITH & NEPHEW PLC [0.         0.22021449 0.11131282 0.4484505  0.11131287] 0.028293288402735817
VESTAS WIND SYSTEMS [ 0.         -0.3889468  -0.10192868 -1.4420704  -0.10192873] 0.02963509163639055
WIRECARD AG [ 0.         -0.01396365  0.03234467 -0.21851332  0.03234467] 0.01277708828408508
CAPGEMINI SE [ 0.         -0.02015737  0.04836881 -0.3220719   0.04836878] 0.029466824858325857
FERGUSON PLC [0.         0.20840937 0.01998378 0.06899933 0.0199838 ] 0.00348675974611734
LEGRAND S.A. [ 0.          0.08972505  0.07434824 -0.11535345  0.07434825] 0.018211904651410094
ROLLS [0.         1.6615031  0.45159888 2.9436026  0.45159912] 0.040688138941130436
RWE AG [0.         0.6611903  1.0883269  0.80423325 1.0883269 ] 0.029374246734862216
SV. HANDELSBANKEN AB [ 0.          0.09714971  0.10310647 -0.07896513  0.10310647] 0.027351198112965713
TELIA COMPANY AB [0.         0.1126304  0.15117876 0.15655608 0.15117878] 0.03342253084075464
UPM [ 0.         -0.02721938 -0.03618435 -0.29569048 -0.03618436] 0.0064931637118857966
WOLTERS KLUWER N.V. [ 0.          0.20050463  0.20498395 -1.1982267   0.20498392] 0.033291694436953345
BOUYGUES SA [ 0.          0.03467962  0.14588761 -0.23006755  0.14588761] 0.017387914965519835
CAIXABANK [ 0.          0.11950679  0.10219395 -0.06606057  0.10219396] 0.01803511336213437
CARLSBERG A/S [ 0.         -0.01567362 -0.04240056 -0.19270147 -0.04240056] 0.009838861212140282
CELLNEX TEL [ 0.          0.06942102 -0.04667706  0.15507525 -0.04667705] 0.01306892035041085
GEBERIT AG [ 0.          0.05766418  0.05193596 -0.31992328  0.05193596] 0.010906726905018815
KUEHNE UND NAG [ 0.          0.02081396  0.02727273 -0.21803193  0.02727272] 0.005373226938881315
MERCK KGAA [ 0.          0.23031598  0.12124227 -0.7589634   0.12124225] 0.0204470590458099
SGS SA [ 0.          0.00210908  0.04494191 -0.19086727  0.0449419 ] 0.0057284888311561755
SODEXO [0.         0.08974777 0.07057083 0.12335683 0.07057084] 0.011836492993485548
SWISS LIFE HOLDING [ 0.          0.10719275  0.06921342 -0.15785584  0.06921343] 0.02257766527658511
WPP PLC [ 0.          0.043837    0.01127491 -0.06746756  0.01127491] 0.0032035144155488915
CARREFOUR S.A. [0.         0.2386156  0.19969186 0.19156046 0.19969189] 0.02410473811332503
DEUTSCHE WOHNEN SE [ 0.          0.3446899  -0.21412864  0.04372297 -0.21412861] 0.0354661000009836
EDP [0.         0.13385972 0.12636307 0.11083267 0.12636308] 0.029961756980426687
ERSTE GROUP BANK AG [0.         0.10979891 0.04293988 0.11715867 0.0429399 ] 0.004082614026420517
EXOR NV [0.         0.15586038 0.11354864 0.10463711 0.11354865] 0.00469885590403063
GROEP BRUSSEL LAM [0.         0.25723997 0.08004992 0.30857873 0.08004995] 0.05032644355341486
HEIDELBERGCEMENT AG [ 0.         -0.07459709  0.20291701 -0.70232135  0.20291698] 0.060610460694698776
HEXAGON AB [ 0.          0.01307273  0.05823221 -0.1664721   0.05823221] 0.015921574475743272
INTERCONTINENTAL [ 0.         -4.4891315   1.3593962   0.43696555  1.3593962 ] 0.018474296475029406
MTU AERO ENGINES AG [ 0.         -0.12342977  0.02534407 -0.5295162   0.02534404] 0.0387228892031205
NEXT PLC [ 0.        -4.46268    4.7477136 -9.071231   4.747712 ] 0.06699402820635414
RYANAIR HOLDINGS PLC [ 0.          0.16357195 -0.05558096  0.26611185 -0.05558096] 0.011139836343620035
SCHINDLER HOLDING AG [0.         0.01718081 0.01303105 0.05513104 0.01303105] 0.0003774619099878862
SNAM SPA [ 0.          0.10238089  0.1269285  -0.09424637  0.1269285 ] 0.026759197601648573
SWEDBANK AB [ 0.         -0.0004192   0.17400938 -0.28236282  0.17400938] 0.029166385150450117
ACCOR SA [ 0.          0.08748567  0.4122412  -0.8589326   0.41224116] 0.014803604147380687
CNH INDUSTRIAL NV [ 0.          0.00373539 -0.0873448  -0.01159265 -0.0873448 ] 0.00618787999914483
COMMERZBANK AG [ 0.          0.04676767  0.21108313 -0.28231204  0.21108311] 0.0455441383431594
GRIFOLS SA [ 0.          0.10888465  0.0461202  -0.07249822  0.04612021] 0.005303353431037494
IAG SA [ 0.         -0.27646786 -0.23284578 -1.0771445  -0.23284583] 0.023380492783500628
KONINKLIJKE KPN NV [ 0.          0.231291    0.2921766  -0.11135431  0.2921766 ] 0.007619722582520971
MEDIOBANCA SPA [ 0.          0.15456203  0.09857614 -0.07155885  0.09857615] 0.03315538341565738
WM. MORRISON SUPERMT [ 0.         -0.05076052  0.02845055 -0.10967836  0.02845054] 0.005261607485031571
MOWI ASA [ 0.          0.53561354 -0.29206127 -1.5385193  -0.29206127] 0.007120713356342345
J SAINSBURY PLC [ 0.          0.04354245 -0.002854    0.17211375 -0.002854  ] 0.009061453564566113
SEGRO PLC [ 0.          0.5641932  -0.01409048  0.29891926 -0.01409042] 0.02665647602255361
SOLVAY SA [0.         0.2748759  0.16755801 0.25077194 0.16755803] 0.030746415288993245
SONOVA HOLDING AG [ 0.          0.20661092  0.15504493 -0.1516256   0.15504494] 0.023300584838973574
STANDARD LIFE ABER [ 0.          0.20751122  0.13330826 -0.00443822  0.13330826] 0.017951868532889215
VEOLIA ENVIRONNEMENT [0.         0.22337769 0.08245526 0.05794206 0.08245527] 0.02253292267076823
AP MOELLER MAERSK [ 0.          0.06915703  0.2278972  -0.0619453   0.2278972 ] 0.037100267972251855
AGEAS SA [ 0.          1.8658539  -0.53515637  1.6227463  -0.53515613] 0.08308043745318716
ANTOFAGASTA PLC [0.         0.2600965  0.4885719  0.2723173  0.48857194] 0.03940089305752548
ASHTEAD GROUP PLC [ 0.          0.07138067 -0.01047282 -0.6945879  -0.01047285] 0.011604534735757732
BRITISH LAND COMPANY [ 0.          1.1946704  -0.3334397   2.0699444  -0.33343947] 0.10563392268926863
BURBERRY GROUP [0.         0.33216375 0.15594251 0.12674035 0.15594254] 0.027643465556217106
DANSKE BANK A/S [0.         0.15530762 0.03328176 0.03045232 0.03328177] 0.012505876859526753
EIFFAGE SA [ 0.          0.18479474  0.13358256 -0.45827588  0.13358256] 0.023346511158761407
GALP ENERGIA [0.         0.3309952  0.20052448 0.00852735 0.20052451] 0.01880829247903948
GECINA [0.         0.3630019  0.23888367 0.03553512 0.2388837 ] 0.026148161918564394
INFORMA PLC [ 0.          0.01278664  0.04216798 -0.04646739  0.04216798] 0.0034725727737418
JULIUS BAER [ 0.         -0.04119827 -0.01349046 -0.26410383 -0.01349048] 0.017167331953232612
KLEPIERRE SA [ 0.         -0.05271901 -0.09501129 -0.29640952 -0.0950113 ] 0.010186389146556007
LAND SECURITIES [ 0.          1.0869912  -0.18717891  1.6666608  -0.18717873] 0.08304726330196954
MELROSE [ 0.          0.5546717   0.55532473 -1.5086697   0.5553247 ] 0.03213912497865323
NN GROUP NV [ 0.          0.00075325 -0.02977899 -0.02028402 -0.02977899] 0.004136645518285631
OCADO GROUP PLC [ 0.          0.0047645   0.02466758 -0.05219918  0.02466758] 0.0020615378258230788
PUBLICIS GROUPE SA [0.         0.16482502 0.25848413 0.15038931 0.25848413] 0.04439473294291796
RENTOKIL INITIAL PLC [ 0.          0.16818723 -0.01083212  0.4662286  -0.01083209] 0.0015737334506128464
STRAUMANN HOLDING AG [ 0.          0.34878024 -0.1319438   0.00615242 -0.13194378] 0.030438613593247735
SYMRISE AG [ 0.         -0.7506061  -0.3583051  -1.6130899  -0.35830528] 0.02151322468041872
TEMENOS AG [ 0.         -0.04494837 -0.13075277 -0.8136644  -0.1307528 ] 0.01603320286419585
TENARIS S.A. [0.         0.25738835 0.329683   0.2735961  0.32968304] 0.023213354811251197
TERNA SPA [ 0.          0.191674   -0.02924944  0.10362715 -0.02924942] 0.028105389430474803
UCB SA [ 0.          0.24091561 -0.00211491  0.3614614  -0.00211488] 0.02645399392010861
UMICORE SA [ 0.          0.15559042  0.22186041 -0.7511359   0.2218604 ] 0.03800393820577741
YARA INTERNATIO [0.         0.09814548 0.40467373 0.05813373 0.40467373] 0.05101985403473808
ACS ACTIVIDADES [ 0.         -0.05579775  0.24175628 -1.0115181   0.24175622] 0.013180628643865822
AEGON N.V. [0.         0.3380195  0.09000766 0.2129319  0.09000769] 0.04284928362692253
ALFA LAVAL AB [ 0.         -0.12803525  0.16733614 -0.6711289   0.16733614] 0.038130125450347
ALSTOM SA [ 0.         -0.68627244  0.06420392 -1.9026246   0.0642038 ] 0.02287862359420445
AROUNDTOWN SA [ 0.          0.04497826 -0.16237986 -1.2364072  -0.16237988] 0.0072742175235378514
BARRATT DEVELOPMENTS [0.         0.3255678  0.09967226 0.13644785 0.09967227] 0.020235853932603964
CHR HANSEN HOLDING [ 0.         -0.2793606   0.01479517 -0.32808572  0.01479514] 0.008263661464388172
COVESTRO AG [ 0.         -0.17651546 -0.23335695 -0.37189627 -0.23335697] 0.014285733674365919
GALAPAGOS [ 0.         -0.03814608 -0.4780267  -0.00905315 -0.47802663] 0.04570835714101407
GENMAB A/S [ 0.         -0.27986312 -0.46223912 -1.9587855  -0.46223918] 0.013214454918028418
INTERTEK GROUP [0.         0.71812683 0.00517941 0.6473969  0.00517946] 0.00524422361961574
MARKS & SPENCER [0.         0.3964876  0.42713526 0.444869   0.4271353 ] 0.032243439322282574
MONCLER SPA [ 0.         -0.14725146 -0.2330753  -0.5230214  -0.23307532] 0.012946087652054517
MONDI PLC [ 0.          0.01791853 -0.12956099 -0.35855007 -0.129561  ] 0.012807666579308541
NOVOZYMES A/S [ 0.          0.05538432  0.05516744 -0.26454014  0.05516743] 0.013868591623329096
PERSIMMON PLC [ 0.          0.5078057  -0.17155127  0.10932739 -0.17155124] 0.040443510105310665
PORSCHE AUTOMOBIL [0.         0.53847355 0.43702525 0.37453714 0.4370253 ] 0.02430209680741069
RANDSTAD NV [0.         0.55813193 0.31546822 0.25125113 0.31546825] 0.020886770096253726
SCHRODERS PLC [ 0.          0.15529159  0.07230791 -0.09480615  0.07230792] 0.019987935569571458
SEVERN TRENT PLC [ 0.          0.19267364 -0.26231393  0.22887674 -0.26231393] 0.03345174899850423
AB SKF [ 0.         -0.0284913   0.22556426 -0.381557    0.22556426] 0.05613545432410094
SMITHS INDUSTRIES [ 0.          1.0994093   0.26020318 -0.36475313  0.26020324] 0.01924156033609503
TELEPERFORMANCE SE [ 0.          0.03016006  0.01781087 -0.06905229  0.01781087] 0.0032175205479743063
UNITED UTILITIES PLC [ 0.          0.26740044 -0.1033464   0.18104286 -0.1033464 ] 0.02718207729283273
VALEO SA [0.         0.19607702 0.03728798 0.07643373 0.037288  ] 0.004993632988519292
ADECCO GROUP [ 0.          0.02410929  0.10360888 -0.28266957  0.10360886] 0.01277662397078927
ARKEMA SA [ 0.         -0.18613674 -0.05546165 -0.5887719  -0.05546167] 0.01666442022489978
ATOS SE [ 0.         -0.03021871 -0.09885438 -0.16519901 -0.09885438] 0.008337751657721992
BALOISE HOLDING AG [ 0.          0.16295601  0.0546559  -0.07673623  0.05465592] 0.02422784077316875
BANK OF IRELAND [ 0.          0.06773999  0.21605788 -0.09948184  0.2160579 ] 0.006781639882522783
BOLIDEN AB [0.         0.31310076 0.15432914 0.1522979  0.15432915] 0.020023851493623845
CHOCO LINDT & SPRUEN [0.         0.08541091 0.12272745 0.0184343  0.12272745] 0.03008479861351465
CLARIANT AG [ 0.         -0.04577359  0.0230991  -0.15748313  0.02309909] 0.005530961550951119
CRODA INTERNATIONAL [ 0.          0.15394804  0.28596306 -0.4656204   0.28596306] 0.015193984413601758
DEUTSCHE LUFTHANSA [ 0.          0.10226795  0.08442536 -0.39420864  0.08442536] 0.008279903743843686
EASYJET PLC [0.         0.11360623 0.06212623 0.11634414 0.06212624] 0.008277917723414685
EDENRED S.A [0. 0. 0. 0. 0.] 1.0
ELISA CORP [ 0.         -0.00971183 -0.06420807 -0.22191322 -0.06420808] 0.005918578050490231
EPIROC AB [ 0.         -0.2295348  -0.2949797  -0.45243382 -0.2949797 ] 0.02899058767474938
GVC HOLDINGS [ 0.          0.02008006  0.15952712 -0.5898123   0.1595271 ] 0.012157572905743373
HALMA PLC [ 0.          0.16387987  0.11782929 -0.06931341  0.11782929] 0.04842337361722926
HARGREAVES LANSD [ 0.          0.40362042  0.15911931 -0.6270313   0.15911934] 0.01265747694326469
LANXESS AG [ 0.         -0.12405644  0.13676612 -0.21749114  0.13676612] 0.018955716039998016
MICRO FOCUS INTL [ 0.         0.6855327 -2.1191208 -2.0402112 -2.1191206] 0.012956675983276432
NORSK HYDRO ASA [ 0.          0.2162315   0.09347905 -0.16607511  0.09347906] 0.015179147850075903
ORKLA ASA [0.         0.2878498  0.019132   0.5233892  0.01913202] 0.020076478474907344
PROXIMUS NV [0.         0.4506272  0.35001117 0.52329063 0.35001123] 0.041017623606724896
RED ELECTRICA [ 0.          0.07576422  0.04322238 -0.10144223  0.04322238] 0.005223614006680255
THE SAGE GROUP PLC [0.         0.14856647 0.05560116 0.02969529 0.05560118] 0.008620084301470765
SCOR SE [0.         0.11091626 0.06440507 0.00680148 0.06440508] 0.02563448035039928
STORA ENSO OYJ [ 0.          0.04849687  0.06133682 -0.01079296  0.06133682] 0.0019893238146316827
SUEZ SA [ 0.          0.0104877   0.07739227 -0.15654223  0.07739227] 0.018175348598318375
TELE2 AB [0.         0.13798055 0.0190258  0.7320398  0.01902582] 0.008432910476919409
TELECOM ITALIA [0.         0.20256016 0.0627951  0.1048831  0.06279513] 0.010716672408196848
THE SWATCH GROUP [0.         0.12289466 0.13397743 0.06553088 0.13397743] 0.025319753500284925
THYSSENKRUPP AG [ 0.         -0.205679    0.51673424 -0.11872397  0.5167342 ] 0.02192736759016356
UBISOFT ENTM. [ 0.         -0.1494672   0.13742062 -0.4959237   0.13742062] 0.058788452464469176
VIFOR PHARMA AG [0.         0.18652833 0.23809163 0.32053244 0.23809166] 0.02280144967648423
WARTSILA OYJ [0.         0.10140534 0.1280408  0.14042741 0.12804082] 0.01589107515776822
WHITBREAD PLC [ 0.          0.07134061  0.08080069 -1.5158191   0.08080063] 0.032165927429382846
BANCO SABADELL [ 0.          0.10301304  0.15237933 -0.00661786  0.15237933] 0.022184376622201518
BERKELEY GROUP [ 0.          0.19664712  0.04298352 -0.22393247  0.04298353] 0.013973930687193548
BRENNTAG AG [ 0.          0.2840943  -0.14888579  0.2049056  -0.14888576] 0.028227423495054804
BUNZL PLC [ 0.          0.14619948  0.07887663 -0.12605362  0.07887664] 0.013659324200050893
CARNIVAL PLC [0.         0.01865022 0.04922136 0.03318105 0.04922136] 0.006911035269936305
CENTRICA PLC [ 0.          0.172957   -0.5475702  -0.1344252  -0.54757017] 0.015512116225501749
COBHAM PLC [0.         0.5433531  0.8325711  0.73710823 0.83257115] 0.027301797606743672
DCC PLC [ 0.          0.14651924  0.11414398 -0.01718054  0.114144  ] 0.03159075850916482
ELECTROLUX AB [ 0.          0.14513901 -0.09049942 -0.0934618  -0.09049942] 0.014871467827294314
JOHNSON MATTHEY PLC [ 0.          0.14395551  0.08509915 -0.20537136  0.08509915] 0.02977762199587186
KINGSPAN GROUP PLC [ 0.          0.24257569  0.09528455 -0.13870479  0.09528457] 0.014531497121382131
LEG IMMOBILIEN AG [ 0.         -0.09035885 -0.19066964 -0.19173002 -0.19066966] 0.0248037560380171
LEONARDO SPA [ 0.          0.20863158 -0.04062721  0.02494466 -0.0406272 ] 0.004992301508517927
METSO OYJ [ 0.         -0.00615986  0.14209071 -0.24422313  0.14209068] 0.020100326068959062
PEARSON PLC [0.         0.30547613 0.4592067  0.2735702  0.45920673] 0.037966213832918205
PROSIEBENSAT.1 MEDIA [ 0.          0.46154386 -0.05333799  0.14570081 -0.05333796] 0.015367027828132152
SKANSKA AB [ 0.          0.04329588  0.10361597 -0.15572931  0.10361596] 0.012724234911676846
SPIRAX [ 0.          0.01133286  0.01758436 -0.23821227  0.01758436] 0.007405366217746234
ST. JAMES'S [ 0.          0.12093076  0.13793173 -0.03052697  0.13793175] 0.022791028732726426
SWEDISH MATCH AB [0.        8.334354  9.709578  5.8571367 9.709578 ] 0.02316463348333264
TAYLOR WIMPEY PLC [ 0.          0.6539085  -0.11034667  0.48295268 -0.11034656] 0.021349314801520913
DIRECT LINE [ 0.         -0.08928703 -0.09721033 -0.15276115 -0.09721033] 0.0069631758986158365
G4S PLC [ 0.         -0.07472934 -0.02343777 -0.59793556 -0.02343779] 0.008574839285559577
GEA GROUP AG [ 0.         -0.08666317 -0.06250259 -0.500603   -0.06250262] 0.013862675713006034
IMI PLC [0.         0.02344349 0.06089533 0.1019804  0.06089533] 0.0009145656762153953
ISS AS [ 0.         -0.04382373  0.09786138 -0.4521971   0.09786133] 0.004595329372823254
ITV PLC [ 0.         1.4880878 -0.8291944  0.8415133 -0.8291942] 0.05044219580802689
KINGFISHER PLC [0.         0.07283759 0.0044646  0.11065684 0.00446461] 0.019827472829502257
KINNEVIK [ 0.          1.4910117  -0.08035034  1.193673   -0.08035028] 0.07593045756596184
LOGITECH INTERNAT [ 0.          0.00791524  0.07519542 -0.26070467  0.07519541] 0.0032093967455762984
NOKIAN TYRES PLC [ 0.         -0.03086838  0.08913389 -0.21736062  0.08913387] 0.011110001138566862
PANDORA [ 0.          0.14214271 -1.0150801   0.05841079 -1.01508   ] 0.037677643771481195
PRYSMIAN SPA [ 0.          0.23145458  0.29111463 -1.2119      0.29111463] 0.014129233184655643
RSA INSURANCE GROUP [ 0.         -0.00689746  0.1437329  -0.45375606  0.14373289] 0.028030754589370765
SECURITAS AB [ 0.         -0.03774273  0.00728478  0.04749919  0.00728477] 0.0008517133284053902
SMURFIT KAPPA GROUP [ 0.         -0.25598148 -0.09242249 -0.45438427 -0.09242254] 0.005637481384172416
SVENSKA CELLULOSA [ 0.          0.21118172 -0.00507517  1.2362962  -0.00507511] 0.0021502713505048288
SWISS PRIME SITE [ 0.          0.02945665  0.05054234 -0.1448609   0.05054232] 0.029301589256059635
TATE & LYLE PLC [ 0.         -0.10895924  0.02475407  0.11378612  0.02475407] 0.003182724129129566
TRAVIS PERKINS PLC [0.         0.24330819 0.17738682 0.31573284 0.17738685] 0.04651392968972812
UNITED INTERNET AG [ 0.          1.5054705  -0.32776183  1.4527572  -0.3277616 ] 0.06375256113167105
WEIR GROUP PLC [ 0.          0.00972079  0.19478221 -0.03884871  0.19478221] 0.00938341974201673
ENAGAS SA [0.         0.09004855 0.05728247 0.0226826  0.05728248] 0.01198435906589157
INDUSTRIVARDEN AB [ 0.          1.7250047  -0.4597534   2.6544507  -0.45975327] 0.1467642490166301
DS SMITH PLC [ 0.          0.06385058 -0.01989702 -0.05763687 -0.01989702] 0.004246732653340302
FLUTTER ENTERTAIN [0.         0.30697083 0.72964185 0.11760842 0.72964185] 0.04961667057272379
NORDEA BANK ABP [ 0.          0.12039794  0.1102865  -0.00964452  0.1102865 ] 0.026652075602689895
TUI AG [ 0.          0.0235914  -0.37484866  0.42096913 -0.37484866] 0.02742312639420164
CRH PLC [ 0.         -0.00788888  0.08553535 -0.28876013  0.08553533] 0.01921423575227421
FERRARI NV [ 0.        -1.1467423 -2.0558085 -1.8954585 -2.0558085] 0.032927089310393565
QIAGEN N.V. [0.         0.10996267 0.06488745 0.15761517 0.06488746] 0.025304168657297677
SES S.A. [0.         0.05710349 0.04795354 0.11061928 0.04795355] 0.0024943822337616384
STMICROELECTRONICS [ 0.          0.02712882  0.16240981 -0.119077    0.16240981] 0.01858355392022104
ESSITY AB [ 0.         -0.06393202 -0.08135456 -0.18631056 -0.08135457] 0.007027609221573861
HENKEL AG AND [0.         0.00775136 0.10912815 0.08612776 0.10912815] 0.016699580584981222
